318410581 1095359367 168721315
1850530626 4267113166 11515024
1868157768 2129267011 114327162
3662276437 4191001581 22313216
2980811924 3765310336 180818294
3971289879 3991326516 15449292
4217905563 2279561459 35118050
2287003279 4213314797 47187938
1837473204 2314679509 13057422
1998824036 3946128630 45197886
222462505 1264080682 95948076
487131896 791770420 303588947
4253023613 4068573955 41943683
2334191217 3252696905 278223677
3986739171 2786104784 83568826
3495640623 3600917310 61383314
3557023937 3662300624 15042395
2222048360 3535962391 64954919
2919013777 4006775808 61798147
3660033649 4182646675 2242788
3266573705 2327736931 229066918
3684589653 2869673610 235425729
3261531896 3530920582 5041809
790720843 417781090 105163807
895884650 0 159434487
2044021922 2608078346 178026438
1862045650 4184889463 6112118
3572066332 3677343019 87967317
1830862773 4260502735 6610431
1338009275 159434487 258346603
3233759255 1830862773 27772641
1055319137 1360028758 282690138
1982484930 4278628190 16339106
2883046491 2243594173 35967286
2612414894 1858635414 270631597
4070307997 3105099339 147597566
3161630218 4110517638 72129037
1596355878 522944897 46363018
0 569307915 222462505
3920015382 2556803849 51274497