166973311 827072705 21017988
2420657564 1797988486 98294592
3711057743 1724407580 50543704
151140540 331672683 15832771
2611368935 1098267426 35837870
329110209 0 39413233
848395356 3293184115 2008343
850403699 1508109908 216297672
3203490893 3278069000 15115115
1322210923 4179894531 115072765
3761601447 848395356 249872070
230668724 39413233 27530262
1437283688 2240143464 113813014
1551096702 2957294790 77256502
716039283 695021295 132051410
258198986 109620920 70911223
1314022212 2357817442 8188711
2793895840 2474472017 281155944
385486933 347505454 330552350
3218606008 3561131747 206517169
1066701371 3354107909 156810008
4011473517 1134105296 283493779
0 180532143 151140540
368523442 678057804 16963491
1223511379 1417599075 90510833
3183517648 1988699857 19973245
2270463718 4038012896 141881635
1817187310 1774951284 23037202
1963899457 2755627961 201666829
2412345353 3295192458 8312211
1840224512 3767648916 123674945
187991299 66943495 42677425
2518952156 1896283078 92416779
1628353204 3034551292 138620276
3075051784 2366006153 108465864
3660454503 3303504669 50603240
3425123177 2008673102 231470362
3656593539 2353956478 3860964
1766973480 3510917917 50213830
2647206805 3891323861 146689035
2165566286 3173171568 104897432