57304962 1726059676 351776583
1567802332 965133212 510033927
3296678005 3095070487 435408435
2476702913 3609026358 293401880
1363411758 0 204390574
1017340727 204390574 346071031
2770104793 2148583721 409359530
994650876 1475167139 22689851
0 550461605 20445762
20445762 1692752937 33306739
2144982382 2092188566 56395155
799754929 1497856990 194895947
53752501 961580751 3552461
409081545 570907367 390673384
2201377537 3902428238 275325376
3988154754 2557943251 306812542
3179464323 4177753614 117213682
3732086440 3530478922 78547436
3810633876 2864755793 177520878
2092188566 3042276671 52793816