3534435790 4123267198 50004089
3584439879 3602712894 238659237
2263758314 0 160870825
2971481857 2850687195 31776688
4173604159 3353763588 121363137
3823099116 3003258545 350505043
2850687195 2882463883 120794662
1503174517 2076905328 347723811
1850898328 195477286 412859986
1265521310 1606247567 17062682
3285153612 4173271287 121696009
488201540 828927797 777319770
453595079 160870825 34606461
3406849621 3475126725 127586169
1282583992 608337272 220590525
3003258545 3841372131 281895067
0 1623310249 453595079