18928354 3414191527 36074961
3774151818 3588716061 144651966
2046448856 1384376044 7569690
2737178317 903028814 27883660
2981004508 930912474 349046239
1609626976 3084565214 120015958
2765061977 2248931514 215942531
157942811 3887783726 359543023
3330050747 2195105292 25002873
2041971091 78356652 4477765
1938796124 861459710 41569104
1608860129 2474627144 766847
1812604664 3795542966 74143188
4196563819 3386335999 27024746
1980365228 3204581172 61605863
1136292153 82834417 94266783
4015908448 1279958713 104417331
2701246339 2062523244 35931978
4223588565 3286123619 23738184
91521115 3309861803 56668597
1886747852 2552562071 52048272
1729642934 0 61644451
1791287385 1504576228 21317279
517485834 1726582276 261020280
2192468119 2604610343 479954871
1413642666 1391945734 112630494
71715516 3366530400 19805599
3918803784 2475393991 77168080
1546685190 3733368027 62174939
2672422990 2220108165 28823349
148189712 2464874045 9753099
18097572 3413360745 830782
0 3869686154 18097572
3995971864 3266187035 19936584
853426802 432206724 27759827
2054018546 3450266488 138449573
881186629 177101200 255105524
778506114 1987602556 74920688
1526273160 2098455222 20412030
55003315 61644451 16712201
3355053620 459966551 401493159
4120325779 2118867252 76238040
1230558936 1525893507 183083730
3756546779 1708977237 17605039