3185219492 1324735395 185266775
3146586681 1249776213 38632811
28244350 428471809 312696716
340941066 3650819202 117391304
458332370 963661621 286114592
2785969088 3483794777 117695215
1279106820 1583617352 194624401
1473731221 3601489992 49329210
0 2796264154 28244350
744446962 3356330358 127464419
2562107674 223281414 205190395
3544929092 0 223281414
2767298069 944990602 18671019
2903664303 775683406 169307196
3072971499 1510002170 73615182
1140236238 741168525 34514881
1242780449 1288409024 36326371
1523060431 1778241753 949993071
871911381 3088005501 268324857
3370486267 2913562676 174442825
4096117687 4180659844 114307452
1174751119 2728234824 68029330
4210425139 4096117687 84542157
2473053502 2824508504 89054172